%!PS
%%BoundingBox: 0 0 86 86 
%%HiResBoundingBox: 0 0 85.03912 85.03912 
%%Creator: MetaPost 1.504
%%CreationDate: 2013.04.15:1649
%%Pages: 1
%%BeginProlog
%%EndProlog
%%Page: 1 1
 0 0 0 setrgbcolor 0 0.99626 dtransform truncate idtransform setlinewidth pop
 [] 0 setdash 1 setlinecap 1 setlinejoin 10 setmiterlimit
newpath 8.50443 0 moveto
15.06522 -0.43738 15.72128 9.40381 9.16049 9.84119 curveto
5.9047 10.05824 5.57913 5.17455 8.83493 4.95749 curveto
17.02385 4.41158 17.84273 16.69498 9.65378 17.24089 curveto
6.39798 17.45795 6.07242 12.57425 9.32822 12.3572 curveto
17.51714 11.81128 18.336 24.09464 10.14711 24.64055 curveto
6.89131 24.8576 6.56577 19.97395 9.8215 19.7569 curveto
18.00996 19.21101 18.82878 31.49368 10.64035 32.03957 curveto
7.38455 32.25662 7.05899 27.37292 10.31479 27.15587 curveto
18.50371 26.60995 19.32259 38.89336 11.13364 39.43927 curveto
7.87784 39.65633 7.55228 34.77263 10.80807 34.55557 curveto
17.36887 34.1182 18.02493 43.95938 11.46414 44.39676 curveto stroke
newpath 11.43777 48.37083 moveto
17.94041 48.89102 17.16014 58.645 10.65747 58.12482 curveto
7.43057 57.86668 7.8178 53.02634 11.0447 53.28447 curveto
19.16064 53.93372 18.18677 66.10762 10.07085 65.45837 curveto
6.84392 65.20024 7.23116 60.3599 10.45802 60.61803 curveto
18.57397 61.26727 17.6001 73.44118 9.48418 72.79193 curveto
6.25725 72.5338 6.64449 67.69345 9.87135 67.95158 curveto
17.9873 68.60083 17.01343 80.77473 8.8975 80.12549 curveto
5.67061 79.86736 6.05783 75.02701 9.28473 75.28514 curveto
15.78737 75.80533 15.0071 85.55931 8.50443 85.03912 curveto stroke
newpath 12.84142 47.94086 moveto
18.32365 43.55515 24.90222 51.77849 19.41998 56.16422 curveto
16.69945 58.3406 13.43484 54.2598 16.1554 52.08339 curveto
22.99811 46.6093 31.20924 56.87337 24.36653 62.34746 curveto
21.64597 64.52388 18.38135 60.44304 21.1019 58.26663 curveto
27.94461 52.79254 36.15575 63.05661 29.31303 68.5307 curveto
26.59247 70.70712 23.32785 66.62628 26.0484 64.44987 curveto
32.89073 58.97609 41.1014 69.23958 34.25908 74.71335 curveto
31.53851 76.88977 28.2739 72.80893 30.99445 70.63252 curveto
37.83716 65.15843 46.0483 75.4225 39.20558 80.89659 curveto
36.48505 83.07298 33.22044 78.99217 35.941 76.81577 curveto
41.42323 72.43005 48.0018 80.6534 42.51956 85.03912 curveto stroke
newpath 13.58919 46.38492 moveto
13.58919 46.91339 13.37923 47.42015 13.00557 47.79382 curveto
12.6319 48.16748 12.12514 48.37744 11.59666 48.37744 curveto
11.06819 48.37744 10.56143 48.16748 10.18776 47.79382 curveto
9.8141 47.42015 9.60414 46.91339 9.60414 46.38492 curveto
9.60414 45.85645 9.8141 45.34969 10.18776 44.97601 curveto
10.56143 44.60236 11.06819 44.3924 11.59666 44.3924 curveto
12.12514 44.3924 12.6319 44.60236 13.00557 44.97601 curveto
13.37923 45.34969 13.58919 45.85645 13.58919 46.38492 curveto closepath
gsave fill grestore stroke
showpage
%%EOF
