%!PS
%%BoundingBox: 0 0 114 114 
%%HiResBoundingBox: 0 0 113.3855 113.3855 
%%Creator: MetaPost 1.504
%%CreationDate: 2013.02.07:1655
%%Pages: 1
%%BeginProlog
%%EndProlog
%%Page: 1 1
 0 0 0 setrgbcolor 0 0.99626 dtransform truncate idtransform setlinewidth pop
 [] 0 setdash 1 setlinecap 1 setlinejoin 10 setmiterlimit
newpath 11.33925 0 moveto
22.28679 54.73856 lineto stroke
newpath 19.02513 23.46663 moveto
18.29538 34.7812 lineto
13.27007 24.61763 lineto
 closepath fill
newpath 102.04625 0 moveto
91.09871 54.73856 lineto stroke
newpath 100.11543 24.61763 moveto
95.09012 34.7812 lineto
94.36037 23.46663 lineto
 closepath fill
newpath 24.67 56.69275 moveto
24.67 51.16833 32.95662 51.16833 32.95662 56.69275 curveto
32.95662 59.43423 28.84439 59.43423 28.84439 56.69275 curveto
28.84439 49.79735 39.18747 49.79736 39.18747 56.69273 curveto
39.18747 59.43422 35.07524 59.43422 35.07524 56.69273 curveto
35.07524 51.16832 43.36186 51.16832 43.36186 56.69273 curveto stroke
newpath 22.28679 58.64694 moveto
11.33925 113.3855 lineto stroke
newpath 20.35597 83.26457 moveto
15.33066 93.42815 lineto
14.6009 82.11357 lineto
 closepath fill
newpath 45.52753 58.67772 moveto
46.46614 63.9933 51.1079 68.03113 56.69275 68.03113 curveto
62.27759 68.03113 66.91936 63.9933 67.85797 58.67773 curveto stroke
newpath 52.84557 64.53058 moveto
53.86801 65.225 55.02232 65.76279 56.28354 66.10074 curveto
58.8915 66.79953 61.5308 66.52974 63.81952 65.51186 curveto
62.34639 67.53773 60.19557 69.09103 57.58762 69.78983 curveto
56.3264 70.12778 55.05783 70.2392 53.82515 70.14902 curveto
 closepath fill
newpath 70.0235 56.69275 moveto
70.0235 51.16833 78.31012 51.16833 78.31012 56.69275 curveto
78.31012 59.43423 74.19789 59.43423 74.19789 56.69275 curveto
74.19789 49.79736 84.54097 49.79736 84.54097 56.69275 curveto
84.54097 59.43423 80.42874 59.43423 80.42874 56.69275 curveto
80.42874 51.16833 88.71536 51.16833 88.71536 56.69275 curveto stroke
newpath 67.85797 54.70776 moveto
66.91936 49.39218 62.2776 45.35435 56.69275 45.35435 curveto
51.10791 45.35435 46.46614 49.39218 45.52753 54.70775 curveto stroke
newpath 60.53993 48.8549 moveto
59.51749 48.16048 58.36317 47.6227 57.10196 47.28474 curveto
54.494 46.58595 51.85469 46.85574 49.56598 47.87363 curveto
51.03911 45.84775 53.18993 44.29445 55.79788 43.59566 curveto
57.0591 43.2577 58.32767 43.14629 59.56035 43.23647 curveto
 closepath fill
newpath 91.09871 58.64694 moveto
102.04625 113.3855 lineto stroke
newpath 98.78459 82.11357 moveto
98.05484 93.42815 lineto
93.02953 83.26457 lineto
 closepath fill
newpath 24.67015 56.69275 moveto
24.67015 57.22122 24.46019 57.72798 24.08653 58.10165 curveto
23.71286 58.47531 23.2061 58.68527 22.67763 58.68527 curveto
22.14915 58.68527 21.6424 58.47531 21.26872 58.10165 curveto
20.89507 57.72798 20.6851 57.22122 20.6851 56.69275 curveto
20.6851 56.16428 20.89507 55.65752 21.26872 55.28384 curveto
21.6424 54.91019 22.14915 54.70023 22.67763 54.70023 curveto
23.2061 54.70023 23.71286 54.91019 24.08653 55.28384 curveto
24.46019 55.65752 24.67015 56.16428 24.67015 56.69275 curveto closepath
gsave fill grestore stroke
newpath 47.3469 56.69273 moveto
47.3469 57.2212 47.13693 57.72797 46.76328 58.10164 curveto
46.3896 58.4753 45.88284 58.68526 45.35437 58.68526 curveto
44.8259 58.68526 44.31914 58.4753 43.94547 58.10164 curveto
43.57181 57.72797 43.36185 57.2212 43.36185 56.69273 curveto
43.36185 56.16426 43.57181 55.6575 43.94547 55.28383 curveto
44.31914 54.91017 44.8259 54.70021 45.35437 54.70021 curveto
45.88284 54.70021 46.3896 54.91017 46.76328 55.28383 curveto
47.13693 55.6575 47.3469 56.16426 47.3469 56.69273 curveto closepath
gsave fill grestore stroke
newpath 70.02365 56.69275 moveto
70.02365 57.22122 69.81369 57.72798 69.44003 58.10165 curveto
69.06636 58.47531 68.5596 58.68527 68.03113 58.68527 curveto
67.50266 58.68527 66.9959 58.47531 66.62222 58.10165 curveto
66.24857 57.72798 66.0386 57.22122 66.0386 56.69275 curveto
66.0386 56.16428 66.24857 55.65752 66.62222 55.28384 curveto
66.9959 54.91019 67.50266 54.70023 68.03113 54.70023 curveto
68.5596 54.70023 69.06636 54.91019 69.44003 55.28384 curveto
69.81369 55.65752 70.02365 56.16428 70.02365 56.69275 curveto closepath
gsave fill grestore stroke
newpath 92.7004 56.69275 moveto
92.7004 57.22122 92.49043 57.72798 92.11678 58.10165 curveto
91.7431 58.47531 91.23634 58.68527 90.70787 58.68527 curveto
90.1794 58.68527 89.67264 58.47531 89.29897 58.10165 curveto
88.92531 57.72798 88.71535 57.22122 88.71535 56.69275 curveto
88.71535 56.16428 88.92531 55.65752 89.29897 55.28384 curveto
89.67264 54.91019 90.1794 54.70023 90.70787 54.70023 curveto
91.23634 54.70023 91.7431 54.91019 92.11678 55.28384 curveto
92.49043 55.65752 92.7004 56.16428 92.7004 56.69275 curveto closepath
gsave fill grestore stroke
showpage
%%EOF
